1300050
1300051
1300052
1300053
1300054
1300055
1300056
1300057
1300058
1300059
1300068
1300200
1300201
1300202
1300203
1300204
1300205
1300206
1300207
1300208
1300209
1300510
1300511
1300512
1300513
1300514
1300515
1300516
1300517
1300518
1300519
1300686
1300687
1300688
1300689
1301020
1301051
1301066
1301600
1301601
1301602
1301603
1301604
1301605
1301606
1301607
1301608
1301609
1302200
1302201
1302202
1302203
1302204
1302205
1302206
1302207
1302208
1302209
1302510
1302511
1302512
1302513
1302514
1302515
1302516
1302517
1302518
1302519
1302686
1302687
1302688
1302689
1304200
1304201
1304202
1304203
1304204
1304205
1304206
1304207
1304208
1304209
1304420
1304421
1304422
1304423
1304424
1304425
1304426
1304427
1304428
1304429
1304800
1304801
1304802
1304803
1304804
1304805
1304806
1304807
1304808
1304809
1304962
1304963
1304964
1304965
1304966
1304967
1304968
1304969
1305440
1305441
1305442
1305443
1305444
1305445
1305446
1305447
1305448
1305449
1305840
1305841
1305842
1305843
1305910
1305911
1305912
1305913
1305914
1305915
1305916
1305917
1305918
1305919
1306060
1306061
1306062
1306063
1306064
1306065
1306066
1306067
1306068
1306069
1306080
1306081
1306082
1306083
1306084
1306085
1306086
1306087
1306088
1306089
1306090
1306091
1306092
1306093
1306094
1306095
1306096
1306097
1306098
1306099
1306630
1306631
1306632
1306633
1306634
1306635
1306636
1306637
1306638
1306639
1306880
1306881
1306882
1306883
1306884
1306885
1306886
1306887
1306888
1306889
1307020
1307021
1307022
1307023
1307024
1307025
1307026
1307027
1307028
1307029
1307300
1307301
1307302
1307303
1307304
1307305
1307306
1307307
1307308
1307309
1307670
1307671
1307672
1307673
1307674
1307675
1307676
1307677
1307678
1307679
1307680
1307681
1307682
1307683
1307684
1307685
1307686
1307687
1307688
1307689
1307880
1307881
1307882
1307883
1307884
1307885
1307886
1307887
1307888
1307889
1310485
1310486
1310487
1310488
1310489
1311220
1311221
1311222
1311223
1311224
1311225
1311226
1311227
1311228
1311229
1311330
1311331
1311332
1311333
1311334
1311335
1311336
1311337
1311338
1311339
1311395
1311396
1311397
1311398
1311399
1311950
1311951
1311952
1311953
1311954
1311955
1311956
1311957
1311958
1311959
1312640
1312641
1312642
1312643
1312644
1312645
1312646
1312647
1312648
1312649
1312820
1312821
1312822
1312823
1312824
1312825
1312826
1312827
1312828
1312829
1312860
1312861
1312862
1312863
1312864
1312865
1312866
1312867
1312868
1312869
1312930
1312931
1312932
1312933
1312934
1312935
1312936
1312937
1312938
1312939
1313845
1313846
1313847
1313848
1313849
1313860
1313861
1313862
1313863
1313864
1313865
1313866
1313867
1313868
1313869
1314330
1314331
1314332
1314333
1314334
1314335
1314336
1314337
1314338
1314339
1314350
1314351
1314352
1314353
1314354
1314365
1314366
1314367
1314368
1314369
1314370
1314371
1314372
1314373
1314374
1314375
1314376
1314377
1314378
1314379
1314440
1314441
1314442
1314443
1314444
1314445
1314570
1314571
1314572
1314573
1314574
1314575
1314576
1314577
1314578
1314579
1314890
1314891
1314892
1314893
1314894
1314895
1314896
1314897
1314898
1314899
1314934
1314935
1314936
1314937
1314938
1314939
1316080
1316081
1316082
1316083
1316084
1316085
1316086
1316087
1316088
1316089
1316830
1316831
1316832
1316833
1316834
1316835
1316836
1316837
1316838
1316839
1316880
1316881
1316882
1316883
1316884
1316885
1316886
1316887
1316888
1316889
1317200
1317201
1317202
1317203
1317204
1317205
1317206
1317207
1317208
1317209
1317880
1317881
1317882
1317883
1317884
1317885
1317886
1317887
1317888
1317889
1318900
1318901
1318902
1318903
1318904
1318905
1318906
1318907
1318908
1318909
1318910
1318911
1318912
1318913
1318914
1318915
1318916
1318917
1318918
1318919
1320200
1320201
1320202
1320203
1320204
1320205
1320206
1320207
1320208
1320209
1320250
1320251
1320252
1320253
1320254
1322640
1322641
1322642
1322643
1322644
1322645
1322660
1322661
1322662
1322663
1322664
1322665
1322666
1322667
1322668
1322669
1322930
1322931
1322933
1322934
1322940
1322941
1322942
1322943
1322944
1322945
1322946
1322947
1322948
1322949
1322991
1322992
1322993
1322994
1322995
1322996
1322997
1322998
1322999
1324230
1324231
1324232
1324233
1324234
1324270
1324271
1324272
1324273
1324274
1324275
1324276
1324277
1324278
1324279
1324280
1324281
1324282
1324283
1324284
1324285
1324286
1324287
1324288
1324289
1324480
1324481
1324482
1324483
1324484
1324640
1324641
1324642
1324643
1324644
1324645
1324646
1324647
1324648
1324649
1324680
1324681
1324682
1324683
1324684
1324685
1324686
1324687
1324688
1324689
1324730
1324731
1324732
1324733
1324734
1324735
1324736
1324737
1324738
1324739
1324750
1324751
1324752
1324753
1324754
1324755
1324756
1324757
1324758
1324759
1324765
1324766
1324767
1324768
1324769
1324913
1324914
1324915
1324916
1324917
1324918
1324919
1324960
1324961
1324962
1324963
1324964
1324965
1324966
1324967
1324968
1324969
1324970
1324971
1324972
1324973
1324974
1324975
1324976
1324977
1324978
1324979
1325015
1325016
1325017
1325020
1325021
1325022
1325023
1325024
1325025
1325026
1325027
1325028
1325029
1325030
1325031
1325032
1325033
1325034
1325050
1325051
1325052
1325053
1325054
1325055
1325056
1325057
1325058
1325059
1325070
1325071
1325072
1325073
1325074
1325075
1325076
1325077
1325078
1325079
1326500
1326501
1326502
1326503
1326504
1326505
1326506
1326507
1326508
1326509
1326510
1326511
1326512
1326513
1326514
1326515
1326516
1326517
1326518
1326519
1326530
1326531
1326532
1326533
1326534
1326535
1326536
1326537
1326538
1326539
1326550
1326551
1326590
1326591
1326592
1326593
1326594
1326595
1326596
1326597
1326598
1326599
1326800
1326801
1326802
1326803
1326804
1326805
1326806
1326807
1326808
1326809
1326810
1326811
1326812
1326813
1326814
1326815
1326816
1326817
1326818
1326819
1326820
1326821
1326822
1326823
1326824
1326825
1326826
1326827
1326828
1326829
1326830
1326831
1326832
1326833
1326834
1326835
1326836
1326837
1326838
1326839
1328680
1328681
1328682
1328683
1328684
1328685
1328686
1328687
1328688
1328689
1328845
1328846
1328847
1328848
1328849
1328860
1328861
1328862
1328863
1328864
1328865
1328866
1328867
1328868
1328869
1328880
1328881
1328882
1328883
1328884
1330220
1330221
1330222
1330223
1330224
1330225
1330226
1330227
1330228
1330229
1330230
1330232
1330233
1330238
1330239
1330240
1330249
1331088
1331089
1331280
1331281
1331282
1331283
1331284
1331285
1331286
1331287
1331288
1331289
1331600
1331601
1331602
1331603
1331604
1331605
1331606
1331607
1331608
1331609
1331610
1331611
1331612
1331613
1331614
1331615
1331616
1331617
1331618
1331619
1331620
1331621
1331622
1331623
1331624
1331625
1331626
1331627
1331628
1331629
1331870
1331871
1331872
1331873
1331874
1331875
1331876
1331877
1331878
1331879
1331880
1331881
1331882
1331883
1331884
1331885
1331886
1331887
1331888
1331889
1332280
1332281
1332640
1332641
1332642
1332643
1332644
1332645
1332646
1332647
1332648
1332649
1333280
1333281
1333282
1333283
1333284
1333285
1333286
1333287
1333288
1333289
1334280
1334281
1334282
1334283
1334284
1334285
1334286
1334287
1334288
1334289
1335280
1335281
1335282
1335283
1335284
1335285
1335286
1335287
1335288
1335289
1336000
1336001
1336002
1336003
1336004
1336055
1336056
1336057
1336058
1336059
1337844
1337845
1337846
1337867
1337868
1337869
1338000
1338001
1338002
1338003
1338004
1338005
1338006
1338007
1338008
1338009
1339210
1339211
1339212
1339213
1339214
1339245
1339246
1339247
1339248
1339249
1339260
1339261
1339262
1339263
1339264
1339265
1339266
1339267
1339268
1339269
1341115
1341116
1341117
1341118
1341119
1341410
1341411
1341412
1341413
1341414
1341610
1341611
1341612
1341613
1341614
1341615
1341616
1341617
1341618
1341619
1341620
1341621
1341622
1341623
1341624
1341625
1341626
1341627
1341628
1341629
1341630
1341631
1341632
1341633
1341634
1341635
1341636
1341637
1341638
1341639
1341640
1341641
1341642
1341643
1341644
1341645
1341646
1341647
1341648
1341649
1341800
1341801
1341802
1341803
1341804
1341805
1341806
1341807
1341808
1341809
1341810
1341811
1341812
1341813
1341814
1341815
1341816
1341817
1341818
1341819
1342200
1342201
1342202
1342203
1342204
1342205
1342206
1342207
1342208
1342209
1342210
1342211
1342212
1342213
1342214
1342215
1342216
1342217
1342218
1342219
1342220
1342221
1342222
1342223
1342224
1342225
1342226
1342227
1342228
1342229
1342230
1342231
1342232
1342233
1342234
1342235
1342236
1342237
1342238
1342239
1342360
1342361
1342362
1342363
1342364
1342365
1342366
1342367
1342368
1342369
1342400
1342401
1342402
1342403
1342404
1342405
1342406
1342407
1342408
1342409
1342410
1342411
1342412
1342413
1342414
1342445
1342446
1342447
1342448
1342449
1342750
1342751
1342752
1342753
1342754
1342755
1342756
1342757
1342758
1342759
1342760
1342761
1342762
1342763
1342764
1342765
1342766
1342767
1342768
1342769
1342880
1342881
1342882
1342883
1342884
1342885
1342886
1342887
1342888
1342889
1343020
1343021
1343022
1343023
1343024
1343025
1343026
1343027
1343028
1343029
1343030
1343031
1343032
1343033
1343034
1343035
1343036
1343037
1343038
1343039
1343100
1343101
1343102
1343103
1343104
1343105
1343106
1343107
1343108
1343109
1343200
1343201
1343202
1343203
1343204
1343205
1343206
1343207
1343208
1343209
1343390
1343391
1343392
1343393
1343394
1343395
1343396
1343397
1343398
1343399
1343410
1343411
1343412
1343413
1343414
1343415
1343416
1343417
1343418
1343419
1343420
1343421
1343422
1343423
1343424
1343425
1343426
1343427
1343428
1343429
1343430
1343431
1343432
1343433
1343434
1343435
1343436
1343437
1343438
1343439
1343560
1343561
1343562
1343563
1343564
1343565
1343566
1343567
1343568
1343569
1343780
1343781
1343782
1343783
1343784
1345020
1345021
1345022
1345023
1345024
1345025
1345026
1345027
1345028
1345029
1345035
1345036
1345037
1345038
1345039
1345040
1345041
1345042
1345043
1345044
1345045
1345046
1345047
1345048
1345049
1348020
1348021
1348022
1348023
1348024
1348025
1348026
1348027
1348028
1348029
1350000
1350001
1350002
1350003
1350022
1350147
1350148
1350150
1350151
1350152
1350153
1350154
1350224
1350240
1350241
1350244
1350245
1350246
1350300
1350301
1350302
1350303
1350304
1350305
1350306
1350307
1350308
1350309
1350928
1350929
1350994
1351270
1351271
1351272
1351273
1351274
1351275
1351276
1351277
1351278
1351279
1352760
1352761
1352762
1352763
1352764
1352765
1352766
1352767
1352768
1352769
1352770
1352771
1352772
1352773
1352774
1352775
1352776
1352777
1352778
1352779
1352780
1352781
1352782
1352783
1352784
1352785
1352786
1352787
1352788
1352789
1353300
1353301
1353302
1353303
1353304
1353305
1353306
1353307
1353308
1353309
1353310
1353311
1353312
1353313
1353314
1353315
1353316
1353317
1353318
1353319
1353320
1353321
1353322
1353323
1353324
1353325
1353326
1353327
1353328
1353329
1353330
1353331
1353332
1353333
1353334
1353335
1353336
1353337
1353338
1353339
1353340
1353341
1353342
1353343
1353344
1353345
1353346
1353347
1353348
1353349
1353350
1353351
1353352
1353353
1353354
1353355
1353356
1353357
1353358
1353359
1353360
1353361
1353362
1353363
1353364
1353365
1353366
1353367
1353368
1353369
1353370
1353371
1353372
1353373
1353374
1353375
1353376
1353377
1353378
1353379
1353380
1353381
1353382
1353383
1353384
1353385
1353386
1353387
1353388
1353389
1353390
1353391
1353392
1353393
1353394
1353395
1353396
1353397
1353398
1353399
1353500
1353501
1353502
1353503
1353504
1353505
1353506
1353507
1353508
1353509
1353510
1353511
1353512
1353513
1353514
1353515
1353516
1353517
1353518
1353519
1353520
1353521
1353522
1353523
1353524
1353525
1353526
1353527
1353528
1353529
1353530
1353531
1353532
1353533
1353534
1353535
1353536
1353537
1353538
1353539
1353540
1353541
1353542
1353543
1353544
1353545
1353546
1353547
1353548
1353549
1353550
1353551
1353552
1353553
1353554
1353555
1353556
1353557
1353558
1353559
1353870
1353871
1353872
1353873
1353874
1353875
1353876
1353877
1353878
1353879
1353880
1353881
1353882
1353883
1353884
1353885
1353886
1353887
1353888
1353889
1353890
1353891
1353892
1353893
1353894
1353895
1353896
1353897
1353898
1353899
1353940
1353941
1353942
1353943
1353944
1353945
1353946
1353947
1353948
1353949
1353970
1353971
1353972
1353973
1353974
1353975
1353976
1353977
1353978
1353979
1353980
1353981
1353982
1353983
1353984
1353985
1353986
1353987
1353988
1353989
1353990
1353991
1353992
1353993
1353994
1353995
1353996
1353997
1353998
1353999
1354340
1354341
1354342
1354343
1354344
1354345
1354346
1354347
1354348
1354349
1354430
1354431
1354432
1354433
1354434
1354435
1354436
1354437
1354438
1354439
1354440
1354441
1354442
1354443
1354444
1354445
1354446
1354447
1354448
1354449
1354450
1354451
1354452
1354453
1354454
1354455
1354456
1354457
1354458
1354459
1355600
1355601
1355602
1355603
1355604
1355605
1355606
1355607
1355608
1355609
1355610
1355611
1355612
1355613
1355614
1355615
1355616
1355617
1355618
1355619
1356000
1356001
1356002
1356003
1356004
1356005
1356006
1356007
1356008
1356009
1356010
1356011
1356012
1356013
1356014
1356015
1356016
1356017
1356018
1356019
1356020
1356021
1356022
1356023
1356024
1356025
1356026
1356027
1356028
1356029
1356030
1356031
1356032
1356033
1356034
1356035
1356036
1356037
1356038
1356039
1356040
1356041
1356042
1356043
1356044
1356045
1356046
1356047
1356048
1356049
1357000
1357001
1357002
1357003
1357004
1357005
1357006
1357007
1357008
1357009
1357010
1357011
1357012
1357013
1357014
1357015
1357016
1357017
1357018
1357019
1357020
1357021
1357022
1357023
1357024
1357025
1357026
1357027
1357028
1357029
1357030
1357031
1357032
1357033
1357034
1357035
1357036
1357037
1357038
1357039
1357040
1357041
1357042
1357043
1357044
1357045
1357046
1357047
1357048
1357049
1357050
1357051
1357052
1357053
1357054
1357055
1357056
1357057
1357058
1357059
1357070
1357071
1357072
1357073
1357074
1357090
1357091
1357092
1357093
1357094
1357095
1357096
1357097
1357098
1357099
1358030
1358031
1358032
1358033
1358034
1358035
1358036
1358037
1358038
1358039
1358040
1358041
1358042
1358043
1358044
1358045
1358046
1358047
1358048
1358049
1358050
1358051
1358052
1358053
1358054
1358055
1358056
1358057
1358058
1358059
1360000
1360001
1360002
1360003
1360004
1360005
1360006
1360007
1360008
1360009
1360045
1360046
1360047
1360048
1360049
1360220
1360221
1360222
1360223
1360226
1360227
1360228
1360229
1360240
1360241
1360242
1360243
1360244
1360245
1360246
1360247
1360248
1360249
1360270
1360271
1360272
1360273
1360274
1360275
1360276
1360277
1360278
1360279
1360280
1360281
1360282
1360283
1360284
1360285
1360286
1360287
1360288
1360289
1360900
1360901
1360902
1360903
1360904
1360905
1360906
1360907
1360908
1360909
1360960
1360964
1360970
1360971
1360972
1360973
1360974
1360975
1360976
1360977
1360978
1360979
1361000
1361001
1361002
1361003
1361004
1361005
1361006
1361007
1361008
1361009
1361010
1361011
1361012
1361013
1361014
1361015
1361016
1361017
1361018
1361019
1361020
1361021
1361022
1361023
1361024
1361025
1361026
1361027
1361028
1361029
1361030
1361031
1361032
1361033
1361034
1361035
1361036
1361140
1361141
1361142
1361143
1361144
1361145
1361146
1361147
1361148
1361149
1362040
1362041
1362042
1362220
1362221
1362222
1362223
1362224
1362225
1362226
1362227
1362228
1362229
1362274
1362275
1362276
1362280
1362281
1362282
1362283
1362284
1362285
1362286
1362287
1362288
1362289
1363130
1363131
1363132
1363133
1363134
1363135
1363136
1363137
1363138
1363139
1363140
1363141
1363142
1363143
1363144
1363145
1363146
1363147
1363148
1363149
1363210
1363211
1363212
1363213
1363214
1363215
1363216
1363217
1363218
1363219
1363220
1363221
1363222
1363223
1363224
1363225
1363226
1363227
1363228
1363229
1363230
1363231
1363232
1363233
1363234
1363235
1363236
1363237
1363238
1363239
1363240
1363241
1363242
1363243
1363244
1363245
1363246
1363247
1363248
1363249
1364020
1364021
1364022
1364023
1364024
1364025
1364026
1364027
1364028
1364029
1364030
1364031
1364032
1364033
1364034
1364060
1364061
1364062
1364063
1364064
1364065
1364066
1364067
1364068
1364069
1364070
1364071
1364072
1364073
1364074
1364075
1364076
1364077
1364078
1364079
1364080
1364081
1364082
1364083
1364084
1364085
1364086
1364087
1364088
1364089
1364230
1364231
1364232
1364233
1364260
1364261
1364262
1364263
1364264
1364265
1364266
1364267
1364268
1364269
1364270
1364271
1364272
1364273
1364274
1364275
1364276
1364277
1364278
1364279
1365070
1365071
1365072
1365073
1365074
1365075
1365076
1365077
1365078
1365079
1365080
1365081
1365082
1365083
1365084
1365085
1365086
1365087
1365088
1365089
1365090
1365091
1365092
1365093
1365094
1365095
1365096
1365097
1365098
1365099
1366000
1366001
1366002
1366003
1366004
1366005
1366006
1366007
1366008
1366009
1366010
1366011
1366012
1366013
1366014
1366015
1366016
1366017
1366018
1366019
1366020
1366021
1366022
1366023
1366024
1366025
1366026
1366027
1366028
1366029
1366030
1366031
1366032
1366033
1366034
1366035
1366036
1366037
1366038
1366039
1366040
1366041
1366042
1366043
1366044
1366045
1366046
1366047
1366048
1366049
1366050
1366051
1366052
1366053
1366054
1366055
1366056
1366057
1366058
1366059
1366060
1366061
1366062
1366063
1366064
1366065
1366066
1366067
1366068
1366069
1366070
1366071
1366072
1366073
1366074
1366075
1366076
1366077
1366078
1366079
1366080
1366081
1366082
1366083
1366084
1366085
1366086
1366087
1366088
1366089
1366230
1366231
1366232
1366233
1366234
1366235
1366236
1366237
1366238
1366239
1366240
1366241
1366242
1366243
1366244
1366245
1366246
1366247
1366248
1366249
1366250
1366251
1366252
1366253
1366254
1366890
1366891
1366892
1366893
1366894
1366895
1366896
1366897
1366898
1366899
1367240
1367241
1367242
1367243
1367244
1367245
1367246
1367247
1367248
1367249
1367620
1367621
1367622
1367623
1367624
1367625
1367626
1367627
1367628
1367629
1367890
1367891
1367892
1367893
1367894
1367895
1367896
1367897
1367898
1367899
1368220
1368221
1368222
1368223
1368224
1368225
1368226
1368227
1368228
1368229
1368885
1368886
1368887
1368888
1368889
1369420
1369421
1369422
1369423
1369424
1369425
1369426
1369427
1369428
1369429
1369740
1369741
1369742
1369743
1369744
1369745
1369746
1369747
1369748
1369749
1369970
1369971
1369972
1369973
1369974
1370249
1371000
1371001
1371002
1371003
1371004
1371005
1371006
1371007
1371008
1371009
1371010
1371011
1371012
1371013
1371014
1371015
1371016
1371017
1371018
1371019
1371020
1371021
1371022
1371023
1371024
1371025
1371026
1371027
1371028
1371029
1371030
1371031
1371032
1371033
1371034
1371035
1371036
1371037
1371038
1371039
1371040
1371041
1371042
1371043
1371044
1371045
1371046
1371047
1371048
1371049
1371050
1371051
1371052
1371053
1371054
1371055
1371056
1371057
1371058
1371059
1371060
1371061
1371062
1371063
1371064
1371065
1371066
1371067
1371068
1371069
1371070
1371071
1371072
1371073
1371074
1371075
1371076
1371077
1371078
1371079
1371080
1371081
1371082
1371083
1371084
1371085
1371086
1371087
1371088
1371089
1371090
1371091
1371092
1371093
1371094
1371095
1371096
1371097
1371098
1371099
1371100
1371101
1371102
1371103
1371104
1371105
1371106
1371107
1371108
1371109
1371110
1371111
1371112
1371113
1371114
1371115
1371116
1371117
1371118
1371119
1371120
1371121
1371122
1371123
1371124
1371125
1371126
1371127
1371128
1371129
1371130
1371131
1371132
1371133
1371134
1371135
1371136
1371137
1371138
1371139
1371140
1371141
1371142
1371143
1371144
1371145
1371146
1371147
1371148
1371149
1371150
1371151
1371152
1371153
1371154
1371155
1371156
1371157
1371158
1371159
1371160
1371161
1371162
1371163
1371164
1371165
1371166
1371167
1371168
1371169
1371170
1371171
1371172
1371173
1371174
1371175
1371176
1371177
1371178
1371179
1371900
1371901
1371902
1371903
1371904
1371905
1371906
1371907
1371908
1371909
1371910
1371911
1371912
1371913
1371914
1371915
1371916
1371917
1371918
1371919
1371920
1371921
1371922
1371923
1371924
1371925
1371926
1371927
1371928
1371929
1371930
1371931
1371932
1371933
1371934
1371935
1371936
1371937
1371938
1371939
1371940
1371941
1371942
1371943
1371944
1371945
1371946
1371947
1371948
1371949
1372400
1372401
1372402
1372403
1372404
1372405
1372406
1372407
1372408
1372409
1372410
1372411
1372412
1372413
1372414
1372415
1372416
1372417
1372418
1372419
1372480
1372481
1372482
1372483
1372484
1372485
1372486
1372487
1372488
1372489
1372510
1372511
1372512
1372513
1372514
1372515
1372516
1372517
1372518
1372519
1372520
1372521
1372522
1372523
1372524
1372525
1372526
1372527
1372528
1372529
1372530
1372531
1372532
1372533
1372534
1372535
1372536
1372537
1372538
1372539
1372540
1372541
1372542
1372543
1372544
1372545
1372546
1372547
1372548
1372549
1372670
1372671
1372672
1372673
1372674
1372675
1372676
1372677
1372678
1372679
1372680
1372681
1372682
1372683
1372684
1372685
1372686
1372687
1372688
1372689
1372800
1372801
1372802
1372803
1372804
1372805
1372806
1372807
1372808
1372809
1372980
1372981
1372982
1372983
1372984
1372985
1372986
1372987
1372988
1372989
1374021
1374022
1374023
1374024
1374025
1374026
1374027
1374028
1374029
1374124
1374212
1374213
1374214
1374215
1374216
1374217
1374218
1374219
1375170
1375171
1375172
1375173
1375174
1375175
1375176
1375177
1375178
1375179
1375180
1375181
1375182
1375183
1375184
1375185
1375186
1375187
1375188
1375189
1376060
1376061
1376062
1376063
1376064
1376065
1376066
1376067
1376068
1376069
1376070
1376071
1376072
1376073
1376074
1376075
1376076
1376077
1376078
1376079
1376080
1376081
1376082
1376083
1376084
1376085
1376086
1376087
1376088
1376089
1376330
1376331
1376332
1376333
1376334
1376335
1376336
1376337
1376338
1376339
1379430
1379431
1379432
1379433
1379434
1379435
1379436
1379437
1379438
1379439
1379440
1379441
1379442
1379443
1379444
1379800
1379801
1379802
1379803
1379804
1379805
1379806
1379807
1379808
1379809
1379810
1379811
1379812
1379813
1379814
1379815
1379816
1379817
1379818
1379819
1380009
1380020
1380240
1380241
1380242
1380243
1380244
1380250
1380251
1380252
1380253
1380254
1380272
1380273
1380274
1380275
1380276
1380277
1380278
1380279
1380280
1380283
1380284
1380288
1380290
1380291
1380292
1380293
1380294
1380295
1380296
1380297
1380298
1380299
1380881
1380882
1380884
1380886
1380887
1380888
1380889
1380920
1380924
1380928
1380977
1382210
1382211
1382212
1382213
1382214
1382215
1382216
1382217
1382218
1382219
1382220
1382221
1382222
1382223
1382224
1382225
1382226
1382227
1382228
1382229
1382440
1382441
1382442
1382443
1382444
1382445
1382446
1382447
1382448
1382449
1382500
1382501
1382502
1382503
1382504
1382505
1382506
1382507
1382508
1382509
1382510
1382511
1382512
1382513
1382514
1382515
1382516
1382517
1382518
1382519
1382600
1382601
1382602
1382603
1382604
1382605
1382606
1382607
1382608
1382609
1382610
1382611
1382612
1382613
1382614
1382615
1382616
1382617
1382618
1382619
1382620
1382621
1382622
1382623
1382624
1382625
1382626
1382627
1382628
1382629
1382640
1382641
1382642
1382643
1382644
1382645
1382646
1382647
1382648
1382649
1382840
1382841
1382842
1382843
1382844
1382845
1382846
1382847
1382848
1382849
1382970
1382971
1382972
1382973
1382974
1382975
1382976
1382977
1382978
1382979
1388990
1390007
1390020
1390023
1390030
1390220
1390221
1390222
1390223
1390224
1390225
1390226
1390227
1390228
1390229
1390230
1390232
1390233
1390238
1390239
1390240
1390249
1390300
1390301
1390305
1390306
1390307
1392210
1392211
1392212
1392213
1392214
1392215
1392216
1392217
1392218
1392219
1392220
1392221
1392222
1392223
1392224
1392225
1392226
1392227
1392228
1392229
1392230
1392231
1392232
1392233
1392234
1392235
1392236
1392237
1392238
1392239
1392240
1392241
1392242
1392243
1392244
1392245
1392246
1392247
1392248
1392249
1392270
1392271
1392272
1392273
1392274
1392275
1392276
1392277
1392278
1392279
1392309
1392400
1392401
1392402
1392403
1392404
1392405
1392406
1392407
1392408
1392409
1392410
1392411
1392412
1392413
1392414
1392415
1392416
1392417
1392418
1392419
1392420
1392421
1392422
1392423
1392424
1392425
1392426
1392427
1392428
1392429
1392430
1392431
1392432
1392500
1392501
1392502
1392503
1392504
1392505
1392506
1392507
1392508
1392509
1392510
1392511
1392512
1392513
1392514
1392515
1392516
1392517
1392518
1392519
1392600
1392601
1392602
1392603
1392604
1392605
1392606
1392607
1392608
1392609
1392610
1392611
1392612
1392613
1392614
1392615
1392616
1392617
1392618
1392619
1392620
1392621
1392622
1392623
1392624
1392625
1392626
1392627
1392628
1392629
1392640
1392641
1392642
1392643
1392644
1392645
1392646
1392647
1392648
1392649
1392870
1392871
1392872
1392873
1392874
1392875
1392876
1392877
1392878
1392879
1392880
1392881
1392882
1392883
1392884
1392885
1392886
1392887
1392888
1392889
1392890
1392891
1392892
1392893
1392894
1392895
1392896
1392897
1392898
1392899
1392950
1392951
1392952
1392953
1392954
1392955
1392956
1392957
1392958
1392959
1500200
1500201
1500202
1500203
1500204
1501170
1501171
1501172
1501173
1501174
1501175
1501176
1501177
1501178
1501179
1501180
1501181
1501182
1501183
1501184
1501185
1501186
1501187
1501188
1501189
1501190
1501191
1501192
1501193
1501194
1501195
1501196
1501197
1501198
1501199
1501240
1501241
1501242
1501243
1501244
1501300
1501301
1501302
1501303
1501304
1501305
1501306
1501307
1501308
1501309
1501310
1501311
1501312
1501313
1501314
1501315
1501316
1501317
1501318
1501319
1501320
1501321
1501322
1501323
1501324
1501325
1501326
1501327
1501328
1501329
1501330
1501331
1501332
1501333
1501334
1501335
1501336
1501337
1501338
1501339
1501415
1501416
1501417
1501418
1501419
1501420
1501421
1501422
1501423
1501424
1501425
1501426
1501427
1501428
1501429
1501750
1501751
1501752
1501753
1501754
1501755
1501756
1501757
1501758
1501759
1501840
1501841
1501842
1501843
1501844
1501845
1501846
1501847
1501848
1501849
1501870
1501871
1501872
1501873
1501874
1501875
1501876
1501877
1501878
1501879
1508805
1508806
1508807
1508808
1508809
1508989
1509995
1509996
1509997
1509998
1509999
1510200
1510201
1510202
1510203
1510204
1510205
1510206
1510207
1510208
1510209
1511200
1511201
1511202
1511203
1511204
1511205
1511206
1511207
1511208
1511209
1511210
1511211
1511212
1511213
1511214
1511215
1511216
1511217
1511218
1511219
1511220
1511221
1511222
1511223
1511224
1511380
1511381
1511382
1511383
1511384
1511385
1511386
1511387
1511388
1511389
1511886
1511887
1511888
1511889
1520200
1520201
1520202
1520203
1520204
1520205
1520206
1520207
1520208
1520209
1521719
1521720
1521721
1521722
1521730
1521731
1521732
1521733
1521734
1521744
1521745
1521746
1521747
1521760
1521761
1521762
1521763
1521768
1521769
1521770
1521771
1521792
1521793
1521794
1521795
1521880
1521881
1521882
1521883
1521884
1521885
1521886
1521887
1521888
1521889
1522000
1522001
1522002
1522003
1522004
1530220
1530221
1530222
1530223
1530224
1530225
1530226
1530227
1530228
1530229
1530235
1530236
1530237
1530238
1530239
1530245
1530246
1530247
1530248
1530249
1532200
1532201
1532202
1532203
1532204
1532205
1532206
1532207
1532208
1532209
1532220
1532221
1532222
1532223
1532224
1532225
1532226
1532227
1532228
1532229
1532230
1532231
1532232
1532233
1532234
1532235
1532236
1532237
1532238
1532239
1532330
1532331
1532332
1532333
1532334
1532335
1532336
1532337
1532338
1532339
1533784
1533805
1533806
1533807
1533808
1533809
1534471
1534472
1534740
1534741
1534742
1534743
1534744
1552100
1552101
1552102
1552103
1552104
1552105
1552106
1552107
1552108
1552109
1552110
1552111
1552112
1552113
1552114
1552115
1552116
1552117
1552118
1552119
1552120
1552121
1552122
1552123
1552124
1552125
1552126
1552127
1552128
1552129
1552130
1552131
1552132
1552133
1552134
1552135
1552136
1552137
1552138
1552139
1552140
1552141
1552142
1552143
1552144
1552145
1552146
1552147
1552148
1552149
1552150
1552151
1552152
1552153
1552154
1552155
1552156
1552157
1552158
1552159
1552160
1552161
1552162
1552163
1552164
1552165
1552166
1552167
1552168
1552169
1552170
1552171
1552172
1552173
1552174
1552175
1552176
1552177
1552178
1552179
1552180
1552181
1552182
1552183
1552184
1552185
1552186
1552187
1552188
1552189
1552190
1552191
1552192
1552193
1552194
1552195
1552196
1552197
1552198
1552199
1560220
1560221
1560222
1560223
1560224
1560225
1560226
1560227
1560228
1560229
1560230
1560232
1560233
1560238
1560239
1560240
1560249
1560300
1560301
1560305
1560306
1560307
1562210
1562211
1562212
1562213
1562214
1562215
1562216
1562217
1562218
1562219
1562220
1562221
1562222
1562223
1562224
1562225
1562226
1562227
1562228
1562229
1562230
1562231
1562232
1562233
1562234
1562235
1562236
1562237
1562238
1562239
1562240
1562241
1562242
1562243
1562244
1562245
1562246
1562247
1562248
1562249
1562270
1562271
1562272
1562273
1562274
1562275
1562276
1562277
1562278
1562279
1562500
1562501
1562502
1562503
1562504
1562505
1562506
1562507
1562508
1562509
1562510
1562511
1562512
1562513
1562514
1562515
1562516
1562517
1562600
1562601
1562602
1562603
1562604
1562605
1562606
1562607
1562609
1562610
1562611
1562612
1562613
1562614
1562615
1562616
1562617
1562618
1562619
1562620
1562621
1562622
1562623
1562624
1562625
1562626
1562627
1562628
1562629
1562640
1562641
1562642
1562643
1562644
1562645
1562646
1562647
1562648
1562649
1562786
1566044
1566060
1566061
1566062
1566063
1566064
1566065
1566066
1566067
1566068
1566069
1566070
1566071
1566072
1566073
1566074
1566075
1566076
1566077
1566078
1566079
1566080
1566081
1566082
1566083
1566084
1566085
1566086
1566087
1566088
1566089
1566090
1566091
1566092
1566093
1566094
1566095
1566096
1566097
1566098
1566099
1569200
1569201
1569202
1569240
1569241
1569242
1569243
1571070
1571071
1571072
1571073
1571074
1571085
1571086
1571087
1571088
1571089
1571170
1571171
1571172
1571173
1571174
1571175
1571176
1571177
1571178
1571179
1571180
1571181
1571182
1571183
1571184
1571185
1571186
1571187
1571188
1571189
1571190
1571191
1571192
1571193
1571194
1580000
1580001
1580002
1580003
1580004
1580020
1580021
1580022
1580023
1580024
1580025
1580026
1580027
1580028
1580029
1580200
1580201
1580202
1580203
1580204
1581185
1581186
1581187
1581188
1581189
1581240
1581241
1581242
1581243
1581244
1581245
1581246
1581247
1581248
1581249
1581330
1581331
1581332
1581333
1581334
1581335
1581336
1581337
1581338
1581339
1581450
1581451
1581452
1581453
1581454
1581455
1581456
1581457
1581458
1581459
1581480
1581481
1581482
1581483
1581484
1581485
1581486
1581487
1581488
1581489
1581580
1581581
1581582
1581583
1581584
1581585
1581586
1581587
1581588
1581589
1581700
1581701
1581702
1581703
1581704
1581705
1581706
1581707
1581708
1581709
1581710
1581711
1581712
1581713
1581714
1581715
1581716
1581717
1581718
1581719
1581810
1581811
1581812
1581813
1581814
1581815
1581816
1581817
1581818
1581819
1581880
1581881
1581882
1581883
1581884
1581885
1581886
1581887
1581888
1581889
1582020
1582021
1582022
1582023
1582024
1582025
1582026
1582027
1582028
1582029
1587530
1587531
1587532
1587533
1587534
1587650
1587651
1587652
1587653
1587654
1587655
1587656
1587657
1587658
1587659
1587689
1588990
1588991
1588992
1588993
1588994
1588995
1588996
1588997
1588998
1588999
1589995
1589996
1589997
1589999
1590200
1590201
1590202
1590203
1590204
1590205
1590206
1590207
1590208
1590209
1591310
1591311
1591312
1591313
1591314
1591315
1591316
1591317
1591318
1591319
1591420
1591421
1591422
1591423
1591424
1591425
1591426
1591427
1591428
1591429
1591430
1591431
1591432
1591433
1591434
1591435
1591436
1591437
1591438
1591439
1591440
1591441
1591442
1591443
1591444
1591445
1591446
1591447
1591448
1591449
1591450
1591451
1591452
1591453
1591454
1591570
1591571
1591572
1591573
1591574
1591575
1591576
1591577
1591578
1591579
1591580
1591581
1591582
1591583
1591584
1591585
1591586
1591587
1591588
1591589
1591590
1591591
1591592
1591593
1591594
1591595
1591596
1591597
1591598
1591599
1591735
1591736
1591737
1591738
1591739
1591740
1591741
1591742
1591743
1591744
1591745
1591746
1591747
1591748
1591749
1591840
1591841
1591842
1591843
1591844
1591845
1591846
1591847
1591848
1591849
1591850
1591851
1591852
1591853
1591854
1591855
1591856
1591857
1591858
1591859
1591860
1591861
1591862
1591863
1591864
1591865
1591866
1591867
1591868
1591869
1591870
1591871
1591872
1591873
1591874
1591875
1591876
1591877
1591878
1591879
1591880
1591881
1591882
1591883
1591884
1591885
1591886
1591887
1591888
1591889
1591930
1591931
1591932
1591933
1591934
1591960
1591961
1591962
1591963
1591964
1591965
1591966
1591967
1591968
1591969
1592010
1592011
1592012
1592013
1592014
1592015
1592016
1592017
1592018
1592019
1592030
1592031
1592032
1592033
1592034
1592035
1592036
1592037
1592038
1592039
1592040
1592041
1592042
1592043
1592044
1592045
1592046
1592047
1592048
1592049
1592050
1592051
1592052
1592053
1592054
1592055
1592056
1592057
1592058
1592059
1592075
1592076
1592077
1592078
1592079
1592080
1592081
1592082
1592083
1592084
1592085
1592086
1592087
1592088
1592089
1592090
1592091
1592092
1592093
1592094
1592095
1592096
1592097
1592098
1592099
1597530
1597531
1597532
1597533
1597534
1597535
1597536
1597537
1597538
1597539
1597540
1597541
1597542
1597543
1597544
1597545
1597546
1597547
1597548
1597549
1597550
1597551
1597552
1597553
1597554
1597555
1597556
1597557
1597558
1597559
1597560
1597561
1597562
1597563
1597564
1598630
1598631
1598632
1598633
1598634
1598635
1598636
1598637
1598638
1598639
1598640
1598641
1598642
1598643
1598644
1598900
1598901
1598902
1598903
1598904
1598905
1598906
1598907
1598908
1598909
1598910
1598911
1598912
1598913
1598914
1598915
1598916
1598917
1598918
1598919
1598920
1598921
1598922
1598923
1598924
1598925
1598926
1598927
1598928
1598929
1599240
1599241
1599242
1599243
1599244
1599245
1599246
1599247
1599248
1599249
1599990
1599991
1599992
1599993
1599994
1599995
1599996
1599997
1599998
1599999
1860200
1860201
1860202
1860203
1860204
1860205
1860206
1860207
1867582
1867583
1867584
1867585
1867586
1867587
1867588
1867589
1867594
1867595
1867596
1867597
1880200
1880201
1880202
1880203
1880204
1880205
1880206
1880207
1880208
1880209
1881839
1881840
1881841
1881880
1881881
1881882
1881883
1881884
1881885
1881886
1881887
1881888
1881889
1881890
1881891
1881912
1881913
1881914
1881915
1881916
1881917
1881918
1881919
1881920
1881921
1881922
1881923
1881924
1881925
1881926
1881927
1881928
1881929
1881930
1881931
1881932
1881933
1881934
1881935
1881936
1881937
1881938
1881939
1881940
1881941
1881942
1881943
1881944
1881945
1881946
1881947
1881948
1881949
1881980
1881981
1881982
1882000
1882001
1882002
1882003
1882004
1882005
1882006
1882007
1882008
1882009
1882010
1882011
1882012
1882013
1882014
1882040
1882041
1882042
1882076
1882077
1882078
1882079
1882080
1882410
1882411
1882412
1882413
1882414
1882415
1882416
1882417
1882418
1882419
1882470
1882471
1882490
1882491
1882492
1882503
1882504
1882505
1882506
1882507
1882508
1882509
1882510
1882511
1882512
1882513
1882514
1882515
1882516
1882517
1882518
1882519
1882605
1882606
1882607
1882608
1882609
1882610
1882611
1882612
1882613
1882614
1882622
1882623
1882624
1882625
1882626
1882627
1882628
1882629
1882640
1882641
1882642
1882643
1882644
1882645
1882646
1882647
1882648
1882649
1890220
1890221
1890222
1890223
1890224
1890225
1890226
1890227
1890228
1890229
1890230
1890232
1890233
1890238
1890239
1890240
1890249
1890300
1890301
1890305
1890306
1890307
1892210
1892211
1892212
1892213
1892214
1892215
1892216
1892217
1892218
1892219
1892220
1892221
1892222
1892223
1892224
1892225
1892226
1892227
1892228
1892229
1892230
1892231
1892232
1892233
1892234
1892235
1892236
1892237
1892238
1892239
1892240
1892241
1892242
1892243
1892244
1892245
1892246
1892247
1892248
1892249
1892270
1892271
1892272
1892273
1892274
1892275
1892276
1892277
1892278
1892279
1892309
1892400
1892401
1892402
1892403
1892404
1892405
1892406
1892407
1892408
1892409
1892410
1892411
1892412
1892413
1892414
1892415
1892416
1892417
1892418
1892419
1892420
1892421
1892422
1892423
1892424
1892425
1892426
1892427
1892428
1892429
1892430
1892431
1892432
1892500
1892501
1892502
1892503
1892504
1892505
1892506
1892507
1892508
1892509
1892510
1892511
1892512
1892513
1892514
1892515
1892516
1892517
1892518
1892519
1892610
1892611
1892612
1892613
1892614
1892615
1892616
1892617
1892618
1892619
1892620
1892621
1892622
1892623
1892624
1892625
1892626
1892627
1892628
1892629
1892750
1892751
1892752
1892753
1892754
1892755
1892756
1892757
1892758
1892759
1892870
1892871
1892872
1892873
1892874
1892875
1892876
1892877
1892878
1892879
1892880
1892881
1892882
1892883
1892884
1892885
1892886
1892887
1892888
1892889
1892890
1892891
1892892
1892893
1892894
1892895
1892896
1892897
1892898
1892899
1892950
1892951
1892952
1892953
1892954
1892955
1892956
1892957
1892958
1892959
1898880
1898881
1898882
1898883
1898884
1898885
1898886
1898887
1898888
1898889
1898890
1898891
1898892
1898893
1898894
1898895
1898896
1898897
1898898
1898899
1899828
1899829
1899830
1899831
1899832
1899833
1899834
1899835
1899836
1899837
1899838
1899839
1899840
1899841
1899842
1899843
1899844
1899845
1899846
1899847
1899848
1899849
1899867
1899868
1899880
1899881
1899882
1899883
1899884
1899885
1899886
1899887
1899888
1899889
